1,0.43417,-1.1102,-0.25623,5.4,18.308,13.781,4.2592,8.3398,8.4398,-1.1408,-1.1408,-1.1408,3.1469,6.852,-2.1408,-0.034694,-0.22449,0.45918
1,-0.03116,-0.45884,0.0015679,5.1735,4.2102,6.4418,0.65408,1.9276,2.0918,-4.5194,-4.5194,-4.5194,-4.5194,1.7592,-3.6776,-0.12245,1.4306,2.0286
1,2.1056,-0.38335,-1.8151,3.1714,8.5112,5.6673,4.2816,2.0092,1.0163,1.1102,1.1102,1.1102,4.2816,-6.502,-2.4082,2.8327,-3.4878,-4.5214
1,-13.98,-10.536,-19.79,30.94,146.34,36.13,-3.33,41.04,3.16,-34.27,-34.27,-34.27,-34.27,-105.3,-12.93,-3.46,-20.5,-30.17
1,-0.88434,0.13265,1.7523,3.8602,2.0133,1.451,0.98265,1.4327,2.2184,-2.8776,-2.8776,-2.8776,-2.4469,1.1163,1.0296,-2.8776,1.4327,1.5888
1,2.4341,-2.5994,-1.9131,2.1061,8.3939,3.9888,3.4837,1.7551,0.56224,1.3776,1.3776,1.3776,2.3571,-5.601,0.047959,2.801,-2.4673,-3.1918
1,0.96409,0.76652,-1.861,1.1531,4.1776,6.6031,1.5888,1.8041,0.30612,0.43571,0.43571,0.43571,1.5888,-2.3735,-6.2969,0.69592,1.798,-1.3408
-1,2.1446,-1.5347,-2.6558,15.036,9.0296,7.5469,14.495,0.52551,1.1449,-0.54082,-0.54082,-0.54082,14.495,-8.2071,-2.4684,-0.062245,0.3102,-0.72143
1,-18.839,22.074,-14.874,68.69,121.83,50.86,-8.27,71.65,15.44,-76.96,-76.96,-76.96,-76.96,-50.18,15.44,-8.92,-12.49,-10.92
1,3.7587,-5.6661,-3.3865,6.0184,17.669,10.236,6.9306,1.7531,2.3612,0.91224,0.91224,0.91224,6.9306,1.7531,-1.6245,0.95,1.5633,-1.251
-1,2.1485,-0.98432,-2.1371,16.121,9.6316,7.4367,15.519,1.2622,0.85204,-0.60204,-0.60204,-0.60204,15.519,-8.3633,-1.5112,-0.60204,1.0786,0.40408
1,5.5926,2.1861,-2.2748,120.29,225.85,43.29,48.66,104.63,23.77,-71.63,-71.63,-71.63,20.23,65.06,2.1,-2.56,9.67,-6.24
1,-1.0362,0.39868,-1.3501,2.9061,7.9735,6.2265,-0.30204,6.4337,0.48878,-3.2082,-3.2082,-3.2082,-3.2082,6.4337,-4.7816,-1.5245,-1.2041,0.37143
1,24.119,-19.996,-14.343,46.5,81.17,59.08,55.37,14.04,15.36,8.87,8.87,8.87,35.88,-57.21,-41.78,9.52,13.52,-13.29
1,-14.023,16.92,-23.298,28.95,111.46,63.1,-0.61,87.73,6.22,-29.56,-29.56,-29.56,-26.44,80.51,-1.05,-8.5,22.72,-52.72
1,19.789,-9.3829,-3.5543,20.65,44.9,82.59,27.45,12.68,57.36,6.8,6.8,6.8,13.96,-8.35,57.36,7.51,11.7,-10.38
-1,-3.5717,3.4616,-3.3084,16.203,17.114,18.191,0.18673,16.016,7.2,-16.016,-16.016,-16.016,-16.016,16.016,7.2,-0.089796,-0.59388,0.14796
-1,9.8071,-8.083,-7.7573,109.59,112.44,94.39,95.28,7.93,48.97,-14.31,-14.31,-14.31,86.83,-104.51,48.97,-1.53,5.05,-15.38
-1,15.559,-11.291,-11.643,88.24,90.81,78.58,74.26,10.11,38.66,-13.98,-13.98,-13.98,74.26,-80.7,38.66,-0.15,6.91,-16.84
1,-0.85146,0.3417,-0.93154,0.70408,0.67857,0.74286,-0.61939,0.71939,-0.54082,-1.3235,-1.3235,-1.3235,-0.76735,0.60714,-0.54082,-0.7051,0.46327,-0.77347
-1,2.1446,-1.5347,-2.6558,15.036,9.0296,7.5469,14.495,0.52551,1.1449,-0.54082,-0.54082,-0.54082,14.495,-8.2071,-2.4684,-0.30816,0.51939,-0.28061
1,-0.72506,0.67589,-0.18783,1.1418,0.41837,0.33878,-0.25408,0.88163,-0.05,-1.3959,-1.3959,-1.3959,-1.1898,0.61939,-0.083673,-0.25918,0.50408,-0.19082
-1,-3.3499,2.3707,-2.7539,16.249,11.618,8.2143,0.23265,10.876,1.3347,-16.016,-16.016,-16.016,-16.016,10.876,0.94388,-0.13061,-0.37449,-0.9551
1,-1.5022,0.60542,0.53477,1.099,0.59184,0.50612,-0.9398,0.86327,0.70306,-2.0388,-2.0388,-2.0388,-0.9398,0.27143,0.19694,-1.1429,0.3949,0.38878
-1,4.6152,-2.5663,-2.34,17.562,17.547,21.394,16.014,1.5327,13.789,-1.548,-1.548,-1.548,8.4908,1.5327,7.8184,5.4541,-0.61327,-7.5153
1,2.0491,-1.0445,-1.4733,3.5622,9.9194,6.1755,4.5102,1.9429,0.71735,0.94796,0.94796,0.94796,4.5102,-3.9388,-1.3857,1.3265,1.2061,-1.1469
-1,-3.1667,2.9904,-2.8026,16.276,17.458,17.117,0.25918,16.014,5.6847,-16.016,-16.016,-16.016,-16.016,16.014,5.6847,-0.18673,-0.59796,-0.44184
1,-1.8069,1.6549,-0.79772,5.5051,12.496,5.7347,-0.62551,7.0439,2.8653,-6.1306,-6.1306,-6.1306,-6.1306,-5.452,1.0888,-0.62551,-1.2745,0.39286
-1,4.1379,-3.5984,-1.6175,16.395,17.932,25.116,16.014,1.9173,13.554,-0.38061,-0.38061,-0.38061,16.014,-16.014,13.554,0.81122,1.7867,1.5755
1,1.1043,-0.5431,-0.39759,2.4959,1.2816,0.49286,2.8867,0.4398,-0.18878,0.39082,0.39082,0.39082,0.67959,-0.49592,-0.20102,0.4102,-0.52347,-0.42347
1,17.398,-6.5881,-7.4448,63.27,127.72,66.57,70.18,74.57,5.95,6.91,6.91,6.91,27.74,74.57,-0.42,10.97,11.64,-8.43
1,-1.971,1.6789,-1.1108,5.6163,17.98,6.0816,-1.001,9.3153,0.68776,-6.6173,-6.6173,-6.6173,-6.6173,-8.6643,0.28878,-1.7418,-1.4929,-0.81122
1,-15.576,3.1145,-14.066,28.17,43.87,40.72,-0.97,26.42,5.99,-29.14,-29.14,-29.14,-29.14,17.43,-2.33,-14.71,-13.68,-3.71
1,2.4631,-2.6627,-3.1431,2.5469,11.748,5.0929,4.0327,1.8551,-0.47857,1.4857,1.4857,1.4857,3.4622,-9.1673,-1.0704,1.5163,1.8429,-0.47857
-1,10.589,-6.7746,-11.864,109.68,111.52,78.09,94.28,8.75,31.48,-15.4,-15.4,-15.4,85.91,-102.77,31.48,-2.14,4.96,-20.19
1,-1.3656,0.82661,-0.86727,1.351,0.74592,0.73469,-0.85204,1.0469,-0.4398,-2.2031,-2.2031,-2.2031,-0.85204,0.80714,-0.4398,-0.98265,0.90306,-0.51122
-1,-1.6131,1.2619,-0.75254,10.932,19.511,14.276,1.702,10.043,9.8765,-9.2296,-9.2296,-9.2296,-6.4143,-9.4684,-3.8643,1.6847,-0.76939,-0.005102
1,0.75792,-0.17841,-0.44776,5.8071,12.705,6.8918,4.2418,9.9939,4.05,-1.5653,-1.5653,-1.5653,1.6735,9.9939,4.05,-0.015306,0.14592,0.044898
1,-1.1511,0.63673,-0.60856,6.5449,9.2745,6.2888,1.7184,7.5367,3.3173,-4.8265,-4.8265,-4.8265,-1.1276,1.2582,0.33776,-0.54286,-0.65102,-2.5122
-1,2.7257,-1.258,-2.4402,12.047,9.1276,6.1357,10.397,0.81122,0.52551,-1.65,-1.65,-1.65,9.7888,-8.3163,0.14184,4.0041,-0.52551,-5.6102
1,20.684,-15.575,-12.201,28.78,94.64,63.26,41.55,17.56,20.73,12.77,12.77,12.77,34.04,-75.79,20.73,16.19,17.49,2.31
1,1.6291,1.3543,-2.1354,1.6449,5.1551,6.298,2.3714,3.0031,0.5898,0.72653,0.72653,0.72653,0.98265,-2.152,-5.7082,2.1949,2.8153,0.5898
1,-21.828,16.427,-30.017,118.04,156.79,62.24,9.33,95.43,5.01,-108.71,-108.71,-108.71,-62.51,88.17,5.01,9.33,-0.4,-44.73
1,17.854,-15.13,-11.641,129.74,136.66,95.94,52.95,69.11,51.17,-76.79,-76.79,-76.79,-76.79,50.27,51.17,11.68,9.13,-7.43
-1,2.314,-1.5375,-1.7492,14.078,10.895,7.2194,13.435,1.3051,1.3959,-0.64286,-0.64286,-0.64286,13.435,-9.5898,0.17347,0.6449,0.30408,-1.5673
1,-1.4635,0.85359,-1.2882,3.4663,7.2684,6.152,-0.077551,5.648,2.1735,-3.5439,-3.5439,-3.5439,-3.0714,5.2296,2.1735,-0.81122,-1.0765,0.15408
-1,2.6625,-2.0377,-2.2384,16.715,17.592,11.416,16.014,1.5776,2.2847,-0.70102,-0.70102,-0.70102,16.014,-16.014,2.2847,-0.5449,1.1571,0.7898
1,-1.6817,1.8598,-0.80174,10.995,8.5541,6.8888,6.8051,7.4051,3.1194,-4.1898,-4.1898,-4.1898,-2.3765,2.3378,1.7143,-1.2643,-0.95408,-1.6847
-1,2.314,-1.5375,-1.7492,14.078,10.895,7.2194,13.435,1.3051,1.3959,-0.64286,-0.64286,-0.64286,13.435,-9.5898,0.17347,0.83061,0.18571,-1.8827
1,-17.749,18.577,-11.159,51.26,87.8,64.1,-1.41,81.81,24.21,-52.67,-52.67,-52.67,-52.67,58.17,24.21,-6.34,-5.44,-9.04
1,1.8327,-0.76394,-0.87748,8.9316,9.9684,7.3582,7.8041,2.0133,1.9878,-1.1276,-1.1276,-1.1276,2.4531,-5.0031,0.026531,0.40408,2.0133,-0.83265
1,-14.491,12.086,-8.6777,44.46,109.01,59.69,-6.62,97.77,10.59,-51.08,-51.08,-51.08,-50.83,97.77,10.59,-11.28,-11.07,-5.3
1,-19.761,10.986,-24.93,49.47,182.51,61.55,-2.83,110.32,7.39,-52.3,-52.3,-52.3,-32.38,4.38,-6.89,-5.69,-6.89,-50.29
1,-19.51,8.0733,-31.728,33.49,73.83,41.13,-3.58,53.18,-5.67,-37.07,-37.07,-37.07,-34.29,53.18,-29.35,-13.5,-3.27,-37.41
1,-1.6438,1.3706,-0.54915,10.015,9.9449,11.186,6.5235,5.6031,7.3582,-3.4918,-3.4918,-3.4918,6.5235,-4.3418,7.3582,-1.6357,-1.6847,-0.4398
1,2.2264,-1.8009,-2.1703,6.6214,10.639,7.5378,5.601,2.1367,2.2612,-1.0204,-1.0204,-1.0204,2.848,-0.32245,2.2612,1.9582,0.36531,-3.7102
1,1.8699,-1.8337,-1.3391,9.7388,15.896,7.4388,5.0061,5.5286,3.4816,-4.7327,-4.7327,-4.7327,5.0061,5.5286,1.2765,2.9327,-4.7214,-2.9755
1,1.5446,-1.3574,-1.9237,2.8755,10.876,6.0122,3.6612,1.8296,0.42551,0.78571,0.78571,0.78571,2.7735,-7.9408,0.42551,0.90306,1.6122,-1.0551
-1,2.6625,-2.0377,-2.2384,16.715,17.592,11.416,16.014,1.5776,2.2847,-0.70102,-0.70102,-0.70102,16.014,-16.014,2.2847,0.1398,0.98673,-0.64286
-1,2.1485,-0.98432,-2.1371,16.121,9.6316,7.4367,15.519,1.2622,0.85204,-0.60204,-0.60204,-0.60204,15.519,-8.3633,-1.5112,0.36939,0.81122,-1.2388
1,-6.3471,-5.8564,-31.078,10.65,38.29,42.38,-2.58,22.93,-8.89,-13.23,-13.23,-13.23,-8.85,22.93,-51.27,-3.96,-13.66,-32.85
1,-0.20783,2.2643,-2.1541,12.41,14.191,7.448,8.6684,7.902,0.43571,-3.7418,-3.7418,-3.7418,4.1663,1.8214,-3.051,-0.60714,0.62755,0.38265
-1,1.6487,-1.4843,-1.3452,16.574,17.795,11.301,16.014,1.7806,1.401,-0.5602,-0.5602,-0.5602,16.014,-16.014,-0.54286,0.42551,-0.45714,0.50204
-1,15.074,-10.168,-11.396,146.39,117.19,93.89,130.4,8.54,38.89,-15.99,-15.99,-15.99,115.43,-108.65,38.89,0.34,7.52,-20.57
1,2.4621,-3.2224,-4.2991,4.702,15.47,5.7949,5.3959,1.5796,-1.2765,0.69388,0.69388,0.69388,5.3878,-13.891,-2.3827,1.2337,1.5796,-1.2765
-1,3.5044,-1.4348,-3.4922,9.2469,7.1776,4.4439,8.9388,1.1469,-0.71327,-0.30816,-0.30816,-0.30816,8.9388,-6.0306,-0.71327,7.7357,-4.9969,-2.3378
-1,-17.096,13.979,-12.3,148.14,124.48,102.42,15.73,117.68,45.06,-132.41,-132.41,-132.41,-125.95,117.68,45.06,4.31,-2.16,-15.46
1,-2.1479,2.2272,-1.1325,3.9622,10.154,8.302,-0.58061,7.6816,3.6673,-4.5429,-4.5429,-4.5429,-2.4,6.6061,3.6673,-0.96327,-1.9316,-1.7806
1,1.9626,-1.5882,-2.7578,6.0837,8.5612,8.449,4.2459,3.6969,2.2306,-1.8378,-1.8378,-1.8378,-1.149,3.6969,2.2306,2.5918,-1.9235,-5.9061
-1,-18.087,16.946,-17.012,126.58,133.4,86.1,15.61,121.53,24.85,-110.97,-110.97,-110.97,-110.97,121.53,24.85,4.02,-4.56,-24.19
-1,-14.844,13.713,-16.144,115.33,121.75,93.82,14.15,114.36,39.98,-101.18,-101.18,-101.18,-101.18,114.36,39.98,1.76,-4.36,-22.66
1,-2.2648,0.86078,-1.122,3.702,8.9888,4.5602,-0.37143,5.8143,1.051,-4.0735,-4.0735,-4.0735,-0.37143,5.6735,-0.46633,-1.4714,-1.7806,-0.90714
